6.500000000000000000e+01 2.397888325007387175e+04
6.509999999999999432e+01 2.396130189624449486e+04
6.520000000000000284e+01 2.399441065840784722e+04
6.529999999999999716e+01 2.401242941776389489e+04
6.540000000000000568e+01 2.401892895470325675e+04
6.550000000000000000e+01 2.404028215940660448e+04
6.559999999999999432e+01 2.403756798515543778e+04
6.570000000000000284e+01 2.406528282361834135e+04
6.579999999999999716e+01 2.406801218589028576e+04
6.590000000000000568e+01 2.407231325016775736e+04
6.600000000000000000e+01 2.409677037445481619e+04
6.609999999999999432e+01 2.408218540411004506e+04
6.620000000000000284e+01 2.410562028241115695e+04
6.629999999999999716e+01 2.411594640292194526e+04
6.640000000000000568e+01 2.409273716723025791e+04
6.650000000000000000e+01 2.414342667619118220e+04
6.659999999999999432e+01 2.414687330695611308e+04
6.670000000000000284e+01 2.417169177112761099e+04
6.679999999999999716e+01 2.417016277950754375e+04
6.690000000000000568e+01 2.418782018045820587e+04
6.700000000000000000e+01 2.420030664666951634e+04
6.709999999999999432e+01 2.420675804065611737e+04
6.720000000000000284e+01 2.421336613705937270e+04
6.729999999999999716e+01 2.421316040752208210e+04
6.740000000000000568e+01 2.422654274133265426e+04
6.750000000000000000e+01 2.424669427497109427e+04
6.759999999999999432e+01 2.426042175622906507e+04
6.770000000000000284e+01 2.426314980489174559e+04
6.779999999999999716e+01 2.427216349640759654e+04
6.790000000000000568e+01 2.427907062710890750e+04
6.800000000000000000e+01 2.428137141786970824e+04
6.809999999999999432e+01 2.429460937573822594e+04
6.820000000000000284e+01 2.430363377293730446e+04
6.829999999999999716e+01 2.431926469206550246e+04
6.840000000000000568e+01 2.433025466040994797e+04
6.850000000000000000e+01 2.434229812871459944e+04
6.859999999999999432e+01 2.434779500464950615e+04
6.870000000000000284e+01 2.434179075592201116e+04
6.879999999999999716e+01 2.436117723870797272e+04
6.890000000000000568e+01 2.437099517898842896e+04
6.900000000000000000e+01 2.438177903518353560e+04
6.909999999999999432e+01 2.438967651299528006e+04
6.920000000000000284e+01 2.439860602874747201e+04
6.929999999999999716e+01 2.440021390853136108e+04
6.940000000000000568e+01 2.440831552560846103e+04
6.950000000000000000e+01 2.441344816209910641e+04
6.959999999999999432e+01 2.442389541265879961e+04
6.970000000000000284e+01 2.443801445026674264e+04
6.979999999999999716e+01 2.444701551670953631e+04
6.990000000000000568e+01 2.444725011882972831e+04
7.000000000000000000e+01 2.446168188585294774e+04
7.009999999999999432e+01 2.446621986641650801e+04
7.020000000000000284e+01 2.447398281858710834e+04
7.029999999999999716e+01 2.448158710667915147e+04
7.040000000000000568e+01 2.449214487193612149e+04
7.050000000000000000e+01 2.449847211183158288e+04
7.059999999999999432e+01 2.450084435023402693e+04
7.070000000000000284e+01 2.451196997831705812e+04
7.079999999999999716e+01 2.451734454656779053e+04
7.090000000000000568e+01 2.452518608198812944e+04
7.100000000000000000e+01 2.453112914625606572e+04
7.109999999999999432e+01 2.454077320321243315e+04
7.120000000000000284e+01 2.454704394178607254e+04
7.129999999999999716e+01 2.455336981079436009e+04
7.140000000000000568e+01 2.455730781015638058e+04
7.150000000000000000e+01 2.456359083496742460e+04
7.159999999999999432e+01 2.457639870615326072e+04
7.170000000000000284e+01 2.457792581844437882e+04
7.179999999999999716e+01 2.458630923187444205e+04
7.190000000000000568e+01 2.459027742123801727e+04
7.200000000000000000e+01 2.459901082046923329e+04
