5.000000000000000000e+01 1.886683610013977886e+04
5.025000000000000000e+01 1.907955426700250973e+04
5.050000000000000000e+01 1.928501073853165508e+04
5.075000000000000000e+01 1.948399433561343540e+04
5.100000000000000000e+01 1.967708339949955916e+04
5.125000000000000000e+01 1.986390716445292128e+04
5.150000000000000000e+01 2.004468840655648455e+04
5.175000000000000000e+01 2.021976806846486579e+04
5.200000000000000000e+01 2.038910693181024180e+04
5.225000000000000000e+01 2.055289658934102772e+04
5.250000000000000000e+01 2.071172776516246086e+04
5.275000000000000000e+01 2.086576682594775048e+04
5.300000000000000000e+01 2.101488911102548445e+04
5.325000000000000000e+01 2.115921524958933514e+04
5.350000000000000000e+01 2.129875361992246326e+04
5.375000000000000000e+01 2.143346980870852713e+04
5.400000000000000000e+01 2.156354762561903408e+04
5.425000000000000000e+01 2.168947966344711313e+04
5.450000000000000000e+01 2.181175561429925438e+04
5.475000000000000000e+01 2.193045945772885534e+04
5.500000000000000000e+01 2.204570083183800307e+04
5.525000000000000000e+01 2.215741390112601948e+04
5.550000000000000000e+01 2.226568616783287871e+04
5.575000000000000000e+01 2.237072998059270321e+04
5.600000000000000000e+01 2.247240489135552707e+04
5.625000000000000000e+01 2.257052901908320564e+04
5.650000000000000000e+01 2.266524483530899670e+04
5.675000000000000000e+01 2.275683394569867596e+04
5.700000000000000000e+01 2.284540585168096004e+04
5.725000000000000000e+01 2.293105982190154828e+04
5.750000000000000000e+01 2.301384952981551032e+04
5.775000000000000000e+01 2.309361438538169750e+04
5.800000000000000000e+01 2.317034256260833354e+04
5.825000000000000000e+01 2.324430924725120349e+04
5.850000000000000000e+01 2.331576386465016913e+04
5.875000000000000000e+01 2.338478582720370832e+04
5.900000000000000000e+01 2.345151350514603837e+04
5.925000000000000000e+01 2.351593945299517145e+04
5.950000000000000000e+01 2.357801232487378365e+04
5.975000000000000000e+01 2.363795135776383540e+04
6.000000000000000000e+01 2.369606820687894287e+04
6.025000000000000000e+01 2.375238602943257138e+04
6.050000000000000000e+01 2.380685619877643330e+04
6.075000000000000000e+01 2.385946345090167961e+04
6.100000000000000000e+01 2.391025323712308091e+04
6.125000000000000000e+01 2.395934179419210341e+04
6.150000000000000000e+01 2.400680225651604997e+04
6.175000000000000000e+01 2.405273026885285435e+04
6.200000000000000000e+01 2.409720846562551014e+04
6.225000000000000000e+01 2.414035641498987388e+04
6.250000000000000000e+01 2.418224692132226119e+04
6.275000000000000000e+01 2.422292574397833232e+04
6.300000000000000000e+01 2.426249789942491043e+04
6.325000000000000000e+01 2.430092001250456087e+04
6.350000000000000000e+01 2.433806323531588350e+04
6.375000000000000000e+01 2.437387966157394840e+04
6.400000000000000000e+01 2.440847291584970299e+04
6.425000000000000000e+01 2.444211229128393825e+04
6.450000000000000000e+01 2.447493406510323257e+04
6.475000000000000000e+01 2.450691558959167378e+04
6.500000000000000000e+01 2.453809446355797263e+04
6.525000000000000000e+01 2.456861982590023763e+04
6.550000000000000000e+01 2.459857799454272754e+04
6.575000000000000000e+01 2.462775278295647513e+04
6.600000000000000000e+01 2.465590911244940798e+04
6.625000000000000000e+01 2.468296974242428041e+04
6.650000000000000000e+01 2.470903535132599427e+04
6.675000000000000000e+01 2.473436735215617955e+04
6.700000000000000000e+01 2.475905463501521081e+04
6.725000000000000000e+01 2.478297428195989050e+04
6.750000000000000000e+01 2.480609945746658923e+04
6.775000000000000000e+01 2.482849919329026307e+04
6.800000000000000000e+01 2.485026150192508430e+04
6.825000000000000000e+01 2.487147134064626516e+04
6.850000000000000000e+01 2.489219004342623157e+04
6.875000000000000000e+01 2.491234498033891941e+04
6.900000000000000000e+01 2.493183986268949229e+04
6.925000000000000000e+01 2.495073025453375158e+04
6.950000000000000000e+01 2.496910754143001395e+04
6.975000000000000000e+01 2.498693465454236139e+04
7.000000000000000000e+01 2.500414093039444560e+04
7.025000000000000000e+01 2.502087588128574498e+04
7.050000000000000000e+01 2.503774301046274559e+04
7.075000000000000000e+01 2.505480721709963473e+04
7.100000000000000000e+01 2.507158810347125109e+04
7.125000000000000000e+01 2.508802489032591257e+04
7.150000000000000000e+01 2.510417806517720965e+04
7.175000000000000000e+01 2.511997210180146431e+04
7.200000000000000000e+01 2.513528359552690745e+04
7.225000000000000000e+01 2.515008835585414272e+04
7.250000000000000000e+01 2.516445125874185396e+04
7.275000000000000000e+01 2.517846149342819626e+04
7.300000000000000000e+01 2.519215829077628950e+04
7.325000000000000000e+01 2.520548329742467104e+04
7.350000000000000000e+01 2.521837291914012167e+04
7.375000000000000000e+01 2.523084187564287640e+04
7.400000000000000000e+01 2.524294269285239716e+04
7.425000000000000000e+01 2.525469458724842480e+04
7.450000000000000000e+01 2.526608933263841391e+04
7.475000000000000000e+01 2.527713009631424939e+04
7.500000000000000000e+01 2.528781528637763768e+04
7.525000000000000000e+01 2.529814968312476049e+04
7.550000000000000000e+01 2.530816719574538365e+04
7.575000000000000000e+01 2.531788109026365055e+04
7.600000000000000000e+01 2.532725929900289702e+04
7.625000000000000000e+01 2.533630354074507341e+04
7.650000000000000000e+01 2.534513751119653898e+04
7.675000000000000000e+01 2.535390006468911452e+04
7.700000000000000000e+01 2.536255084353700295e+04
7.725000000000000000e+01 2.537101694551780383e+04
7.750000000000000000e+01 2.537929733952580864e+04
7.775000000000000000e+01 2.538739476030240257e+04
7.800000000000000000e+01 2.539530700079189410e+04
7.825000000000000000e+01 2.540304927697773746e+04
7.850000000000000000e+01 2.541063378916400325e+04
7.875000000000000000e+01 2.541803184608205993e+04
7.900000000000000000e+01 2.542518135589913800e+04
7.925000000000000000e+01 2.543204818485234864e+04
7.950000000000000000e+01 2.543866748365025342e+04
7.975000000000000000e+01 2.544512393847860585e+04
8.000000000000000000e+01 2.545147713113337886e+04
8.025000000000000000e+01 2.545770672605503569e+04
8.050000000000000000e+01 2.546375744587589725e+04
8.075000000000000000e+01 2.546960183246826637e+04
8.100000000000000000e+01 2.547525306493378957e+04
8.125000000000000000e+01 2.548074222268300946e+04
8.150000000000000000e+01 2.548607517024120170e+04
8.175000000000000000e+01 2.549121391421344742e+04
8.200000000000000000e+01 2.549610766077630979e+04
8.225000000000000000e+01 2.550072944186667883e+04
8.250000000000000000e+01 2.550509814400625328e+04
8.275000000000000000e+01 2.550929043225946953e+04
8.300000000000000000e+01 2.551340956699821254e+04
8.325000000000000000e+01 2.551750642210596561e+04
8.350000000000000000e+01 2.552156253471863602e+04
8.375000000000000000e+01 2.552554183024471058e+04
8.400000000000000000e+01 2.552942272662035612e+04
8.425000000000000000e+01 2.553321032305276458e+04
8.450000000000000000e+01 2.553691359713694328e+04
8.475000000000000000e+01 2.554049281911240178e+04
8.500000000000000000e+01 2.554387558574133072e+04
8.525000000000000000e+01 2.554703283353274674e+04
8.550000000000000000e+01 2.555000695464876844e+04
8.575000000000000000e+01 2.555286284562054425e+04
8.600000000000000000e+01 2.555561555611665972e+04
8.625000000000000000e+01 2.555823975162592978e+04
8.650000000000000000e+01 2.556073296237447357e+04
8.675000000000000000e+01 2.556312636037049379e+04
8.700000000000000000e+01 2.556544847167848638e+04
8.725000000000000000e+01 2.556770334632523736e+04
8.750000000000000000e+01 2.556987016657644199e+04
8.775000000000000000e+01 2.557192240523218061e+04
8.800000000000000000e+01 2.557387469698060886e+04
8.825000000000000000e+01 2.557578317231743858e+04
8.850000000000000000e+01 2.557766180729780899e+04
8.875000000000000000e+01 2.557945609542251623e+04
8.900000000000000000e+01 2.558111520557893891e+04
8.925000000000000000e+01 2.558263478468269386e+04
8.950000000000000000e+01 2.558405490568524328e+04
8.975000000000000000e+01 2.558543057628700626e+04
9.000000000000000000e+01 2.558678363801769592e+04
9.025000000000000000e+01 2.558809521103901352e+04
9.050000000000000000e+01 2.558933987373834680e+04
9.075000000000000000e+01 2.559049750030083305e+04
9.100000000000000000e+01 2.559154814566056302e+04
9.125000000000000000e+01 2.559247803192843639e+04
9.150000000000000000e+01 2.559328596317664415e+04
9.175000000000000000e+01 2.559397408640319554e+04
9.200000000000000000e+01 2.559453602473001956e+04
9.225000000000000000e+01 2.559496871441840267e+04
9.250000000000000000e+01 2.559529479644003004e+04
9.275000000000000000e+01 2.559555594405093143e+04
9.300000000000000000e+01 2.559577696115800791e+04
9.325000000000000000e+01 2.559594462868854316e+04
9.350000000000000000e+01 2.559602332259530885e+04
9.375000000000000000e+01 2.559598455340677174e+04
9.400000000000000000e+01 2.559582994857699669e+04
9.425000000000000000e+01 2.559559612830464175e+04
9.450000000000000000e+01 2.559532102987313920e+04
9.475000000000000000e+01 2.559499395996618114e+04
9.500000000000000000e+01 2.559456932612719174e+04
9.525000000000000000e+01 2.559402489550781684e+04
9.550000000000000000e+01 2.559338485544301875e+04
9.575000000000000000e+01 2.559269750736825154e+04
9.600000000000000000e+01 2.559199555834387866e+04
9.625000000000000000e+01 2.559128261216464671e+04
9.650000000000000000e+01 2.559055327990857404e+04
9.675000000000000000e+01 2.558980574118875302e+04
9.700000000000000000e+01 2.558903526685855832e+04
9.725000000000000000e+01 2.558822896222201962e+04
9.750000000000000000e+01 2.558736766207819892e+04
9.775000000000000000e+01 2.558643070392270238e+04
9.800000000000000000e+01 2.558540406273397093e+04
9.825000000000000000e+01 2.558428752856903520e+04
9.850000000000000000e+01 2.558309401336039809e+04
9.875000000000000000e+01 2.558184046711181509e+04
9.900000000000000000e+01 2.558053481229952740e+04
9.925000000000000000e+01 2.557916780116614609e+04
9.950000000000000000e+01 2.557772098178509259e+04
9.975000000000000000e+01 2.557618622225480794e+04
1.000000000000000000e+02 2.557457423022102012e+04
