6.900000000000000000e+01 8.616426399602391029e+03
6.915000000000000568e+01 8.648793492135935594e+03
6.929999999999999716e+01 8.681104993431395997e+03
6.945000000000000284e+01 8.713360335557897997e+03
6.959999999999999432e+01 8.745558958879666534e+03
6.975000000000000000e+01 8.777700312029310226e+03
6.990000000000000568e+01 8.809783851879938084e+03
7.004999999999999716e+01 8.841809043516188467e+03
7.020000000000000284e+01 8.873775360204175740e+03
7.034999999999999432e+01 8.905682283360350993e+03
7.050000000000000000e+01 8.937529302519382327e+03
7.065000000000000568e+01 8.969315915300976485e+03
7.079999999999999716e+01 9.001041627375763710e+03
7.095000000000000284e+01 9.032705952430233083e+03
7.109999999999999432e+01 9.064308412130700162e+03
7.125000000000000000e+01 9.095848536086430613e+03
7.140000000000000568e+01 9.127325861811854338e+03
7.154999999999999716e+01 9.158739934687931964e+03
7.170000000000000284e+01 9.190090307922733700e+03
7.184999999999999432e+01 9.221376542511159641e+03
7.200000000000000000e+01 9.252598207193954295e+03
