6.900000000000000000e+01 1.645115057340490966e+04
6.929999999999999716e+01 1.665548255370485640e+04
6.959999999999999432e+01 1.686125309744466358e+04
6.990000000000000568e+01 1.706846047083935991e+04
7.020000000000000284e+01 1.727710281633417981e+04
7.050000000000000000e+01 1.748717815245791644e+04
7.079999999999999716e+01 1.769868437369529784e+04
7.109999999999999432e+01 1.791161925037849869e+04
7.140000000000000568e+01 1.812598042859764610e+04
7.170000000000000284e+01 1.834176543013040282e+04
7.200000000000000000e+01 1.855897165239065362e+04
